Reading /home/michele/Documents/aflt/aflt_project/test/data/glove.840B.300d.txt
Done reading 4565 vectors of dimension 300
<__main__.Semiring object at 0x7f0d14e79080>
60 OrderedDict([(2, 10), (3, 10), (4, 10), (5, 10), (6, 10), (7, 10)])
# params: 259502
0 
0.5091743119266054  1 
0.5378440366972477  2 
0.6341743119266054  3 
0.6410550458715596  4 
0.6536697247706422  5 
0.6605504587155964  6 
0.6685779816513762  7 
0.6743119266055045  8 
0.676605504587156  9 
0.6788990825688074  10 
0.6834862385321101  11 
0.6869266055045872  12 
0.6869266055045872  13 
0.6903669724770642  14 
0.6915137614678899  15 
0.6926605504587156  16 
0.6961009174311926  17 
0.6915137614678899  18 
0.6915137614678899  19 
0.6938073394495413  20 
0.6926605504587156  21 
0.6926605504587156  22 
0.6938073394495413  23 
0.6938073394495413  24 
0.6926605504587156  25 
0.6961009174311926  26 
0.694954128440367  27 
0.6938073394495413  28 
0.6961009174311926  29 
0.698394495412844  30 
0.698394495412844  31 
0.698394495412844  32 
0.698394495412844  33 


